[model]
name = mchi
modes = [(1, -2, 2, 2, 0), (1, -2, 2, 2, 1)]

[prior]
a_scale = 5.e-21
perturb_f = [0., 0.]
perturb_tau = [0., 0.]
df_max = 0.5
dtau_max = 0.5
m_min = 120.7445226
m_max = 482.97809039
chi_min = 0
chi_max = 0.99
flat_a = 1
flat_a_ellip = 0

[condition]
ds = 4
digital_filter = True

[acf]
shared = False

[target]
t0 = 1242442967.3981605
ra = 0.0023658702613644778
dec = -1.159893722863935
psi = 0.005344496369030935
duration = 0.1

